12
13
15
20
53
107
291
448
572
586
633
767
874
885
888
989
1081
1084
1186
1192
1418
1495
2172
2547
2781
3475
3839
3840
4833
5827
6954
7846
8561
9306
10202
10297
10350
10367
10396
10403
10419
10450
10867
11041
11426
11489
12522
12591
12759
12815
12916
12925
13046
13348
13479
13666
14763
15913
18713
24303
26743
30973
33423
33923
36823
41553
49793
50193
56623
57203
60273
61133
69153
69893
74673
79543
82243
150433
281563
287683
309073
428333
457573
511283
608473
610533
610923
611043
611823
612473
616113
616173
618593
620803
621523
621583
621603
621613
624683
631583
639643
643443
646533
649673
651583
652193
655093
657863
662433
662763
671093
674433
678953
682903
685513
687063
688583
691353
696193
698663
702953
711303
712423
713143
717313
720843
734493
734753
740983
742143
743763
746323
749863
749963
752673
754556
755068
755103
755431
755452
756278
758608
759251
761290
767396
770759
772471
774096
774675
778057
780457
783214
783297
783705
784304
784492
784856
785032
788524
790201
790680
790826
791124
793830
795626
802074
803324
804204
804455
807095
809760
811303
813039
813286
814253
815233
816214
816653
817268
817386
817977
818340
819800
821193
839321
839891
852861
858051
862681
871891
898491
917321
920861
926981
930061
939091
972651
991221
996871
1000591
1020961
1035491
1045141
1068831
1077971
1097851
1115541
1117651
1118451
1143031
1173831
1183041
1201491
1228281
1239671
1242511
1253431
1255151
1288371
1290591
1294741
1295571
1305941
1315431
1317671
1319921
1335641
1338681
1344951
1359561
1367531
1391451
1416251
1416611
1417311
1421721
1422311
1434251
1440641
1468401
1496971
1501881
1503071
1506521
1530371
1531101
1581511
1621271
1652541
1685871
1702731
1704551
1705171
1734381
1752021
1753061
1754641
1775731
1809291
1823571
1835411
1861051
1879831
1911641
1912641
1917731
1922861
1947301
1958351
1962711
1976611
1978331
1998841
2023191
2044241
2057421
2062801
2067591
2074981
2097571
2100521
2121101
2142731
2157321
2182641
2241221
2367911
2373551
2384071
2425151
2467791
2521001
2525131
2541771
2554421
2557521
2561091
2569261
2574431
2575031
2575371
2608911
2656681
2662651
2680961
2704951
2729061
2730791
2735591
2735631
2737751
2768501
2776801
2836421
2869531
2876911
2883841
2884771
2890961
2960221
2972571
2977171
2979391
3004231
3013511
3066611
3080761
3096351
3107971
3108351
3141101
3359851
3424411
3459051
3533231
3554721
3611041
3646911
3652891
3744541
3745781
3746171
3749911
3759441
3829151
3943871
3948041
4057941
4077891
4107251
4119741
4190421
4200861
4239551
4260991
4276531
4278201
4303181
4374531
4387921
4484061
4511661
4532891
4620451
4641021
4898091
4898501
4923811
4970411
5120691
5135521
5210841
5225991
5248441
5336612
5357812
5380672
5388852
5391882
5392522
5402612
5405152
5417132
5424852
5434242
5440492
5449422
5485192
5489632
5490392
5511332
5515802
5516952
5519272
5520952
5526292
5561412
5568612
5569742
5588242
5611402
5637652
5644142
5644892
5653072
5653432
5656402
5661892
5668942
5676102
5683952
5688592
5692542
5695942
5732162
5741722
5746452
5747502
5748622
5763262
5768872
5772422
5793562
5796972
5802762
5819322
5840532
5876652
5879482
5885732
5889412
5894902
5946492
5964822
5971922
5975652
5976972
5988062
5993572
5997662
6017542
6022912
6026342
6073132
6108862
6110982
6114312
6120472
6123762
6127252
6141832
6149912
6173842
6190542
6211972
6253282
6273502
6273552
6273762
6297852
6328372
6351572
6368672
6382062
6385432
6395222
6427882
6433472
6434802
6446742
6447142
6449282
6452362
6461032
6467332
6476742
6480652
6480682
6480732
6494232
6506272
6513952
6519522
6539592
6541402
6560972
6585222
6601862
6604072
6616462
6634482
6655632
6668042
6686402
6705042
6708952
6729142
6741632
6761682
6764252
6796502
6803642
6813682
6822512
6860232
6877722
6917742
6972182
6978642
6996832
7025662
7025942
7040932
7076492
7080152
7082702
7093352
7111412
7117252
7119102
7142532
7144422
7152572
7157132
7161172
7171992
7192292
7199762
7212272
7212562
7214972
7216862
7234682
7239562
7251402
7259302
7282592
7304102
7313362
7350652
7350962
7376382
7376892
7395252
7400702
7401202
7402662
7407702
7409112
7426632
7428362
7457322
7490342
7495882
7517222
7518252
7519632
7528292
7557612
7563792
7573332
7587032
7614292
7625502
7670202
7673322
7691312
7693312
7696162
7696252
7712452
7744592
7746052
7764732
7768622
7781002
7782442
7799412
7822382
7822962
7841652
7858262
7858822
7860742
7861312
7861622
7862342
7872972
7879052
7879972
7887562
7888722
7901202
7905122
7922242
7936722
7955522
7966812
7971552
7976712
7981702
7985672
7996082
8008212
8039442
8069572
8071052
8071902
8093332
8115312
8115852
8119812
8123142
8161232
8163442
8170292
8215672
8229472
8233352
8236062
8276452
8283082
8308762
8318902
8320242
8334382
8345202
8349572
8360682
8417802
8434702
8445962
8447862
8453452
8515492
8522212
8527372
8571322
8573292
8596022
8627252
8633582
8637482
8637672
8644672
8653412
8657782
8667942
8699062
8729502
8735592
8740302
8769212
8771022
8775672
8785632
8802752
8802892
8820652
8839632
8841372
8848642
8856372
8900062
8918032
8936082
8944612
8981642
9020432
9051482
9091052
9129082
9138002
9167802
9171502
9202812
9202882
9245812
9252212
9255842
9265652
9274492
9275742
9295212
9300262
9313022
9411482
9453872
9466382
9473532
9486482
9491292
9499402
9506392
9508922
9524062
9524342
9527242
9534522
9543092
9547222
9554942
9567972
9590002
9591442
9601512
9604032
9612112
9629222
9636292
9636632
9637422
9651272
9653432
9676212
9676642
9694832
9695312
9709572
9720292
9722452
9730472
9734372
9738452
9753672
9759932
9779032
9802572
9802712
9819072
9834992
9836582
9855382
9890492
9911442
9921932
9930742
9932202
9973512
9979162
9985802
9990012
10002792
10029732
10032112
10039442
10053832
10075202
10076702
10119442
10123322
10141932
10156532
10168082
10214312
10228272
10276132
10312112
10329052
10335262
10336042
10342142
10355572
10373322
10373972
10375872
10380732
10461692
10491732
10493972
10502072
10546442
10615232
10637242
10645182
10667662
10667882
10671602
10712662
10767732
10779802
10785292
10798802
10806302
10810102
10814422
10828722
10842792
10846482
10865192
10876852
10877272
10886522
10902542
10926202
10938332
10971502
11018442
11061902
11101852
11106282
11115532
11132462
11148342
11155742
11160692
11178592
11178902
11242082
11245432
11271852
11273652
11274452
11294152
11294522
11319582
11333532
11340982
11347122
11348282
11350892
11358972
11365442
11388132
11435642
11448652
11478662
11518842
11522502
11545732
11611052
11622712
11640472
11640962
11644922
11662532
11712392
11722042
11734522
11738562
11740902
11752272
11774642
11778072
11805432
11855222
11856032
11856892
11857072
11864262
11879272
11883132
11891512
11911082
11911952
11912362
11915432
11916652
11922692
11942252
11961532
11965332
12014132
12035332
12037882
12044602
12057172
12079312
12084362
12084472
12085042
12101862
12144232
12146202
12152402
12161222
12184042
12185672
12266442
12319862
12327862
12359712
12369372
12371632
12379282
12397052
12409862
12412912
12441712
12454882
12480582
12504732
12505022
12507802
12513472
12536052
12550682
12582472
12589972
12600272
12603912
12611542
12611642
12613402
12626962
12652472
12652542
12666842
12672352
12687952
12691382
12701412
12710712
12712322
12720232
12728672
12750862
12776042
12811952
12820422
12844642
12866742
12884642
12885662
12925072
12926542
12947712
12992802
13007812
13012632
13032102
13039512
13049362
13049582
13058772
13059592
13082862
13097772
13152872
13206842
13220032
13229232
13253992
13265572
13282392
13301812
13314262
13316782
13322212
13323492
13330522
13337292
13354002
13361922
13367792
13385612
13406702
13419722
13436432
13455472
13457722
13492872
13494102
13494812
13510202
13519212
13526492
13527262
13531162
13547812
13553822
13557972
13558962
13571462
13677162
13680602
13687132
13730782
13745622
13751322
13754172
13784322
13787132
13790282
13796572
13817822
13820332
13837292
13838562
13848622
13881382
13881572
13882062
13892052
13900252
13908992
13929092
13950232
13976432
13996412
14006362
14019992
14022672
14035292
14047540
14049880
14051442
14055088
14056454
14057903
14062180
14063253
14063426
14063622
14065774
14070511
14070799
14071624
14075928
14076588
14078180
14078808
14078999
14079425
14080580
14080704
14086866
14089195
14090931
14091221
14092392
14093909
14094741
14095161
14098332
14099695
14099719
14100010
14100972
14102993
14103554
14104847
14107038
14109613
14110671
14112512
14116024
14117396
14118444
14123683
14123751
14125476
14127481
14130107
14130455
14131123
14134204
14134276
14138300
14138497
14140420
14140913
14142946
14149571
14153778
14154581
14164855
14164943
14166346
14173084
14173315
14173785
14173886
14178271
14178674
14178988
14180365
14181336
14184889
14186824
14192876
14193133
14193620
14196921
14199110
14199378
14200437
14202104
14206005
14209307
14212297
14212711
14213491
14213711
14215437
14216203
14216350
14217862
14220046
14221588
14222518
14223829
14224719
14226495
14227559
14228195
14228300
14230524
14231321
14232408
14239222
14240065
14241468
14255759
14258424
14260636
14261168
14265553
14266714
14278270
14280026
14281853
14282169
14282672
14285046
14287191
14287437
14288822
14289168
14290180
14293310
14295486
14297121
14297388
14300087
14301386
14301756
14303746
14303883
14308443
14309047
14309081
14309974
14311334
14311460
14311992
14312015
14313531
14313986
14314467
14315150
14319589
14319981
14323769
14325932
14326840
14327149
14327320
14327407
14331688
14332827
14334532
14334898
14336557
14341194
14344022
14345095
14345566
14346219
14347282
14348287
14348594
14353146
14353392
14353891
14355899
14357645
14359747
14361155
14362575
14363723
14368074
14372143
14372486
14373255
14376012
14377192
14377603
14377875
14378029
14378241
14378419
14378835
14379717
14380001
14380258
14380462
14380807
14382508
14382579
14387591
14388166
14389031
14389132
14389658
14391111
14399558
14400028
14401421
14401544
14401599
14401698
14402059
14403430
14404145
14404478
14407302
14409749
14411423
14412533
14413024
14413075
14413498
14413535
14413715
14414199
14415754
14415928
14416988
14419313
14422993
14424227
14425825
14425899
14426048
14426942
14427692
14429823
14430060
14431400
14431413
14432003
14433007
14433891
14434472
14435305
14437914
14438306
14439324
14440142
14444926
14445542
14451294
14451605
14453529
14453652
14453798
14454247
14454605
14457170
14458280
14458381
14463104
14464369
14464766
14465084
14465597
14465607
14467117
14467554
14467906
14468043
14469397
14473766
14479801
14480101
14480405
14481345
14481475
14486811
14487035
14490962
14491138
14493713
14495977
14497001
14497039
14497313
14497589
14498484
14498713
14499829
14500608
14502233
14502632
14502789
14503541
14503997
14505596
14505871
14506253
14508983
14511951
14512909
14513049
14514767
14514804
14515734
14515799
14516885
14519984
14521926
14522113
14522546
14523801
14523894
14526709
14529929
14537303
14538601
14541812
14542767
14544190
14548211
14550649
14553089
14561327
14562016
14562275
14563201
14565104
14565508
14569735
14569869
14575107
14577623
14579905
14580438
14583400
14588151
14589511
14589771
14590903
14594615
14594862
14595124
14596145
14596798
14600116
14600124
14605024
14608440
14608893
14608899
14610275
14610663
14614833
14618435
14620190
14621598
14622632
14629315
14630269
14630302
14631115
14632998
14633814
14634648
14634720
14635589
14638486
14645160
14645195
14647570
14647853
14648709
14650898
14652106
14652452
14659539
14660636
14666401
14667274
14668727
14669398
14669951
14670993
14675924
14676716
14677225
14677919
14677932
14681605
14687772
14687806
14688076
14691200
14693823
14700117
14703882
14704715
14709355
14711172
14713235
14715761
14720411
14722311
14725110
14727152
14728782
14732187
14739266
14740219
14740227
14740392
14744569
14744838
14748513
14749383
14749529
14749606
14754358
14761795
14762923
14768208
14774895
14776609
14779563
14780915
14785887
14790817
14790899
14790966
14791044
14791162
14791251
14791918
14796276
14800270
14800352
14800779
14803701
14803917
14805775
14808307
14808390
14812811
14813320
14816386
14817982
14820608
14821347
14821959
14823587
14826124
14826607
14831419
14831865
14834340
14837079
14839646
14841815
14842523
14849200
14850079
14853628
14854462
14857290
14857774
14859780
14860650
14861271
14861285
14865439
14870085
14870305
14871283
14874125
14874480
14874772
14880616
14882900
14885326
14886375
14887344
14887399
14888686
14896557
14901255
14904437
14914938
14920785
14922225
14923512
14924114
14925700
14929948
14933491
14934818
14937188
14938818
14939981
14944039
14944855
14945261
14946147
14946999
14947234
14951992
14952156
14954259
14960104
14962703
14962906
14964767
14969510
14974779
14975793
14977112
14982126
14982315
14985228
14986811
14990608
14990751
14994303
14994465
14996326
14998161
14999880
15006658
15010370
15010705
15011753
15012486
15014044
15017802
15020865
15021099
15022452
15023197
15023346
15023872
15027207
15030098
15031424
15033239
15033883
15036026
15039436
15039997
15044502
15054733
15057943
15060048
15062528
15065016
15065568
15066760
15069237
15075999
15076390
15078840
15079003
15080404
15081182
15084438
15084495
15085591
15086185
15086405
15088915
15091071
15091877
15092161
15097566
15099384
15099729
15102934
15105269
15108422
15111389
15114927
15115280
15116585
15117375
15119203
15120121
15120999
15122826
15131310
15139633
15140173
15140284
15140319
15140362
15140383
15143725
15147397
15151846
15153064
15153236
15155074
15158328
15158464
15162193
15163383
15163466
15164442
15164565
15165493
15165502
15166438
15166577
15169907
15173109
15174950
15175368
15178186
15179591
15181500
15182385
15183275
15184249
15192462
15193239
15195171
15207596
15211524
15214601
15220473
15221118
15222197
15224565
15224867
15224941
15227650
15227791
15228091
15228169
15230663
15231287
15233739
15234407
15234546
15234657
15235475
15238124
15240444
15240516
15245706
15249156
15249841
15250635
15251613
15251692
15253147
15253428
15253933
15255968
15257727
15258479
15259010
15260162
15260302
15264770
15265269
15265990
15273659
15274836
15275022
15276401
15276785
15279308
15279429
15279958
15280385
15280536
15284900
15285305
15285352
15287423
15290441
15291335
15292534
15293352
15293750
15297589
15302201
15303630
15304141
15304749
15305831
15308469
15310372
15317676
15318004
15319698
15323110
15325052
15325890
15326572
15326881
15328145
15328942
15329509
15330930
15331946
15338492
15340816
15344427
15353425
15365862
15366812
15368896
15369494
15371730
15372377
15375854
15378358
15380567
15381868
15383316
15387117
15393582
15397465
15401242
15403842
15406238
15410116
15412070
15414807
15416505
15418533
15419707
15422705
15426495
15432065
15433037
15433092
15434432
15437723
15437774
15438100
15438786
15439395
15440215
15442720
15444746
15445240
15446126
15446520
15446757
15450595
15450996
15451434
15451591
15452859
15453472
15458694
15460081
15463179
15464038
15465963
15469937
15470209
15470403
15473413
15473522
15475578
15476099
15481843
15484273
15484885
15485441
15487691
15487957
15492359
15494387
15496208
15497480
15497928
15500844
15501042
15503124
15506034
15506146
15508743
15510756
15512328
15513604
15515919
15518000
15518620
15518629
15521257
15523525
15526686
15527019
15533655
15533771
15542781
15549496
15552693
15554127
15565576
15565703
15566901
15568612
15569235
15569613
15574937
15575251
15587500
15588657
15590944
15591360
15594674
15595657
15597393
15600217
15601656
15603965
15604385
15605342
15613175
15614819
15614998
15615408
15615814
15617631
15618071
15627955
15630097
15634645
15637125
15637594
15637825
15641893
15645474
15648670
15649399
15650031
15651878
15652066
15653840
15661871
15661911
15662446
15666380
15670515
15675138
15676492
15676578
15676819
15677036
15677815
15679641
15683081
15683146
15684121
15685085
15685236
15685406
15686762
15687962
15689124
15689768
15693493
15695630
15698661
15703005
15705437
15708087
15710826
15713446
15717516
15719490
15719634
15724505
15726306
15726358
15729760
15731049
15731368
15734464
15735125
15736066
15736190
15736656
15742703
15743570
15745139
15746084
15749322
15749983
15750788
15752013
15754281
15755406
15756049
15759220
15759513
15766263
15766348
15767403
15768105
15768216
15768401
15768447
15769327
15770446
15770447
15771644
15772318
15772835
15773297
15773675
15780315
15781432
15781511
15784254
15786716
15786922
15793787
15794195
15798871
15801445
15802388
15802805
15803225
15804503
15805710
15808502
15808765
15809249
15811031
15811181
15811314
15816164
15816264
15818391
15818676
15818759
15819292
15820371
15821034
15821161
15823237
15830716
15831093
15831774
15831817
15832902
15833470
15834295
15836440
15838599
15838770
15839517
15841258
15845650
15846372
15846407
15848005
15850586
15851895
15854078
15856960
15858135
15859039
15859099
15859268
15861944
15865514
15865878
15866947
15867638
15870923
15874829
15876379
15878029
15887107
15888142
15889265
15892933
15893379
15894896
15896304
15896379
15897179
15897364
15897727
15898634
15899325
15901190
15905071
15905103
15905461
15905925
15906381
15906944
15907720
15911569
15912116
15912508
15914129
15917338
15917485
15918708
15920465
15921304
15923445
15925352
15930906
15933218
15933910
15933953
15934926
15935304
15935591
15938321
15939889
15940523
15941591
15944875
15945926
15947185
15948437
15951028
15956942
15958265
15959560
15962096
15962521
15966494
15971132
15976584
15976697
15981442
15983316
15991049
15995155
16000980
16004411
16005075
16005131
16006568
16010099
16010744
16012783
16014000
16016180
16018792
16020228
16022682
16023592
16024218
16027638
16031927
16032243
16038571
16042788
16042924
16045527
16048575
16050032
16050554
16051471
16056406
16061242
16061710
16067166
16070016
16070668
16076226
16082844
16083377
16088048
16089654
16089776
16090230
16094099
16096416
16096448
16096942
16097887
16098642
16102437
16108468
16108888
16116288
16117316
16121332
16125042
16129920
16135307
16136799
16143507
16145626
16146688
16147523
16148988
16150075
16150710
16153562
16153996
16157577
16157867
16158657
16159463
16160352
16163761
16164520
16174288
16174854
16179886
16181186
16188058
16190753
16190898
16197726
16198878
16202612
16203022
16203586
16211434
16212685
16212952
16213621
16215943
16216095
16222772
16222831
16224273
16227386
16228398
16228699
16232940
16234853
16243030
16244948
16248319
16252002
16252431
16252536
16252784
16253598
16259573
16260135
16264006
16264088
16264718
16264982
16265869
16266663
16273144
16273972
16276552
16276561
16278748
16286540
16291762
16294239
16294267
16296524
16297082
16297426
16298036
16298939
16301273
16302242
16302651
16303106
16303871
16305330
16307887
16310514
16312576
16317694
16319771
16323833
16331010
16333183
16334137
16334457
16335920
16339845
16340665
16341217
16343608
16350668
16354755
16356732
16356887
16358038
16358849
16358939
16361260
16362523
16362921
16364793
16367571
16371289
16374678
16376689
16377453
16377749
16379018
16379865
16379892
16380136
16381279
16381558
16388295
16388972
16395449
16398216
16404741
16404939
16407834
16408636
16409683
16412744
16413061
16416252
16418966
16423109
16429977
16431844
16434105
16435080
16435389
16435969
16436098
16437619
16438074
16438083
16438898
16445263
16446761
16446860
16447060
16454067
16454410
16454414
16457122
16457418
16458689
16463853
16464746
16465359
16465409
16468199
16472219
16481074
16481781
16487447
16488147
16489986
16492290
16492431
16492753
16493630
16494321
16497947
16498230
16499501
16501148
16501262
16503107
16503217
16503218
16505825
16507195
16507391
16511710
16520708
16528347
16529277
16530240
16537989
16539573
16539957
16540406
16540502
16540939
16543944
16549381
16550628
16551746
16553544
16556652
16557087
16557449
16559157
16560657
16564528
16564631
16568227
16568742
16569530
16574209
16577921
16579345
16579881
16580890
16582027
16587953
16588111
16588118
16589495
16591424
16591984
16593287
16597818
16605777
16606666
16610491
16610744
16610761
16613721
16614336
16616061
16616087
16616570
16621413
16622151
16623217
16624180
16625734
16627727
16630266
16631557
16632858
16634224
16635956
16636401
16636702
16636947
16638685
16640215
16640784
16641718
16642886
16648414
16660058
16662478
16664681
16666847
16667262
16667481
16670549
16672159
16672510
16673322
16674441
16676396
16681113
16681542
16683297
16684007
16685316
16686425
16688718
16689061
16690123
16691038
16691049
16692771
16696633
16698503
16700766
16700851
16703058
16704472
16710435
16711478
16724548
16725276
16726805
16727535
16729297
16732982
16734909
16736650
16737437
16739442
16741856
16746457
16765853
16779648
16787071
16790005
16794609
16794731
16795139
16801904
16803117
16804986
16806120
16807528
16812787
16813824
16814727
16814960
16817883
16818234
16818600
16819278
16824090
16824146
16825289
16825468
16826457
16826656
16826877
16827173
16827333
16827489
16832044
16832632
16836914
16837066
16838783
16840282
16841186
16848555
16850725
16855134
16857338
16859194
16860550
16861816
16868838
16870853
16872081
16872524
16873241
16876339
16878227
16880800
16881163
16886925
16892188
16896485
16897314
16898863
16899075
16899149
16901643
16903675
16905483
16906245
16907121
16908764
16908796
16910406
16916369
16917803
16918503
16920080
16924670
16928870
16930716
16932445
16933337
16933392
16935396
16938694
16940488
16941646
16942907
16943339
16945769
16953808
16956020
16957675
16958993
16960171
16966928
16970852
16971411
16972877
16976531
16977601
16984407
16993144
16994661
16998020
17003420
17003765
17004618
17006500
17008163
17008256
17010913
17017283
17017636
17019152
17020962
17021705
17023358
17026091
17026571
17028043
17033708
17039778
17044187
17057376
17059993
17061467
17061754
17061936
17062577
17068947
17069525
17070787
17071046
17071337
17071370
17072513
17074440
17074714
17074822
17077260
17078632
17080369
17080910
17081275
17086900
17091342
17092592
17093604
17093617
17095043
17098873
17103231
17111803
17112370
17116782
17116966
17117463
17120163
17121049
17121755
17121920
17130873
17132852
17134985
17135313
17135925
17136637
17147838
17156646
17156946
17161316
17161347
17165424
17166447
17169320
17171293
17172429
17173775
17174309
17174401
17176391
17184065
17194296
17196684
17198948
17200238
17201112
17201277
17203389
17207019
17207406
17208738
17220613
17220934
17221180
17221551
17222678
17225211
17225939
17228366
17230018
17240425
17241895
17242377
17242874
17243213
17243913
17248079
17260743
17266725
17270716
17276716
17288112
17289530
17291996
17292357
17294078
17298550
17299063
17303397
17304367
17304550
17307877
17308527
17313024
17316367
17322656
17322737
17327905
17327972
17328187
17331200
17336372
17338082
17343664
17344075
17344451
17349603
17351186
17352003
17352310
17352423
17352686
17354942
17357428
17365848
17368405
17369980
17370153
17371873
17372386
17372853
17375852
17376797
17378892
17383643
17386517
17387154
17387228
17387399
17393115
17393362
17394240
17396839
17399269
17401289
17413071
17416221
17417867
17419722
17419811
17420262
17422054
17428375
17430220
17431886
17436469
17444573
17445058
17445974
17446887
17446998
17448425
17449749
17450410
17453148
17454769
17459328
17461978
17463660
17466142
17467699
17469289
17470198
17470801
17471459
17471554
17471979
17474531
17478436
17479472
17481210
17483878
17485551
17486092
17486893
17487658
17488225
17489192
17490317
17491102
17495601
17496666
17498493
17503591
17505585
17508456
17508669
17508949
17516149
17518467
17518588
17518786
17525171
17525291
17526930
17527466
17527642
17530277
17532329
17535421
17536486
17538796
17540485
17542901
17543791
17545037
17545909
17546076
17552077
17552642
17553442
17554288
17554888
17560096
17565514
17578429
17580389
17580770
17587207
17588271
17588449
17594530
17595439
17596014
17596622
17601250
17601922
17602896
17602996
17604479
17606801
17611447
17619840
17624304
17627132
17627344
17627741
17636405
17637428
17637503
17637553
17637614
17637706
17638336
17639250
17639424
17641330
17654261
17655023
17663756
17665420
17671457
17672362
17673616
17674486
17678668
17681513
17682509
17685196
17692330
17696167
17696779
17696939
17711046
17715048
17718497
17732108
17732153
17733464
17740885
17743573
17744193
17747609
17751509
17752026
17752368
17753033
17757005
17761013
17765183
17770303
17771429
17786385
17787502
17789543
17790330
17790667
17794461
17795924
17796018
17801505
17802735
17802893
17802972
17805062
17808121
17808154
17808932
17811542
17812282
17821540
17821910
17825585
17828110
17830240
17831966
17833574
17836026
17837688
17837984
17842275
17842366
17842661
17843264
17845926
17846121
17849197
17850012
17852343
17853760
17853768
17855525
17859255
17862883
17867513
17868557
17871615
17871850
17872122
17872744
17877597
17878322
17878571
17880018
17882799
17883015
17883546
17883976
17884382
17885313
17886466
17889308
17889970
17890601
17890663
17894233
17896640
17899272
17900421
17903691
17909306
17910878
17910893
17911368
17911976
17913181
17915334
17919972
17926625
17927769
17927830
17929027
17932844
17941804
17942579
17945904
17946861
17947570
17947703
17948120
17948711
17949775
17950779
17953908
17958918
17959641
17959736
17961328
17962047
17962204
17964225
17968886
17971078
17973941
17978626
17979453
17979933
17980124
17980871
17982724
17983854
17988308
17988954
17989950
17992196
17992258
17993906
17996456
18002296
18003354
18009781
18011771
18017751
18022904
18023132
18027950
18029498
18031677
18033062
18037907
18041870
18044059
18044341
18045169
18055737
18058016
18058609
18066326
18066392
18069722
18069748
18070850
18071696
18072400
18073211
18073937
18074132
18075140
18077270
18078179
18087450
18088038
18089163
18091904
18098313
18101713
18103141
18103148
18104516
18104730
18110177
18110989
18112405
18114977
18116794
18117460
18118128
18118234
18119262
18119333
18121619
18123507
18124756
18128265
18130749
18137030
18139329
18139461
18140897
18142856
18150955
18153673
18156146
18157192
18160766
18164244
18168823
18170896
18171035
18171314
18171416
18175220
18177016
18177126
18178083
18179554
18181521
18183592
18185124
18185416
18188683
18190044
18191676
18194787
18197498
18197756
18198400
18201114
18208354
18210497
18211473
18213546
18215165
18216080
18219976
18220175
18221923
18222378
18222599
18222770
18222808
18227519
18228898
18230590
18231373
18232278
18234790
18234841
18236230
18238282
18244345
18244358
18246994
18250327
18251618
18254005
18255301
18256661
18257051
18257163
18258085
18258178
18262352
18262412
18265550
18270755
18271625
18276100
18277078
18278629
18280708
18281850
18290616
18291413
18293107
18297088
18302144
18302410
18311496
18312906
18312960
18313204
18313342
18315727
18318091
18318176
18323933
18326837
18332323
18333749
18343779
18345963
18348619
18349074
18350406
18352504
18352945
18353813
18353829
18354898
18358516
18361101
18362376
18363508
18363737
18365169
18369265
18369581
18369812
18370690
18371803
18378334
18378446
18379329
18388829
18390790
18393773
18394257
18394443
18395177
18396070
18396317
18396883
18398615
18404257
18405160
18408250
18408457
18411779
18420140
18424282
18424661
18426610
18426725
18426852
18426947
18427000
18436296
18441988
18454118
18454286
18457226
18460854
18463079
18463117
18464642
18467164
18467329
18469810
18473565
18474336
18477798
18479513
18481113
18482323
18483101
18483714
18483892
18485106
18485125
18487518
18498684
18500000
18500743
18501217
18501823
18506975
18510499
18511475
18513221
18513491
18514078
18515125
18515826
18515933
18519661
18524255
18529774
18530520
18531618
18533317
18535161
18536322
18536424
18536530
18536826
18537709
18539058
18539631
18541970
18543153
18544176
18544776
18548221
18558666
18559033
18560967
18568504
18569603
18575070
18576239
18577574
18583464
18583722
18585528
18588279
18589522
18591276
18591712
18594208
18597548
18598931
18599435
18599793
18600489
18601029
18605706
18617853
18619428
18620441
18623491
18623979
18625274
18625669
18626783
18628681
18628741
18630583
18633022
18634136
18636238
18639103
18640980
18641419
18647233
18647441
18650003
18651808
18655493
18655633
18655891
18656830
18657864
18661107
18664838
18665800
18665952
18676177
18676369
18681139
18685286
18686823
18689390
18693598
18703083
18704092
18704607
18704659
18706957
18711642
18713177
18713314
18715077
18718411
18720595
18721857
18721912
18721927
18725026
18725854
18727557
18728154
18733738
18734358
18734884
18738311
18742444
18743079
18745065
18746235
18747993
18753325
18755291
18755564
18755689
18755871
18758318
18760461
18761352
18764841
18765489
18768302
18770485
18771196
18772703
18772948
18773467
18773886
18774246
18776605
18780567
18783665
18785430
18785448
18786703
18788414
18791763
18791776
18793033
18794094
18794312
18802909
18803650
18805733
18806359
18806753
18807347
18808656
18808895
18812301
18812795
18815736
18819574
18825830
18826280
18833883
18838035
18845207
18848053
18849963
18856747
18858658
18863720
18863815
18863867
18863894
18863927
18866294
18872278
18872526
18878528
18879847
18881831
18887526
18887740
18892026
18898143
18901700
18906561
18906805
18907022
18908042
18911592
18911665
18915240
18917018
18921944
18927441
18931655
18931823
18932164
18932935
18933983
18934825
18937428
18943348
18944209
18948541
18949053
18950284
18953259
18956020
18960583
18964252
18966834
18970094
18973863
18976002
18979962
18980276
18980668
18981284
18981321
18983594
18987128
18993518
18993570
18994215
18994764
18997933
18999248
19001589
19002451
19002481
19006934
19018401
19022242
19023804
19029137
19029224
19033555
19033675
19036735
19040242
19041947
19042769
19046392
19048014
19051166
19053307
19056347
19057564
19058681
19063323
19065426
19068720
19070295
19070367
19074134
19077044
19080760
19081001
19081309
19082879
19093517
19095849
19097874
19099916
19100459
19107253
19109272
19111767
19117213
19120850
19122457
19122675
19124463
19124961
19127403
19129073
19129122
19133314
19136040
19136331
19137822
19138490
19139193
19142115
19143584
19150696
19152541
19152633
19153976
19154824
19159726
19164441
19168191
19169892
19175963
19179902
19184110
19186180
19191229
19192100
19194198
19195914
19197186
19198119
19201923
19203998
19204892
19205635
19206924
19208457
19211048
19211603
19212009
19214700
19220217
19221539
19222164
19223156
19223957
19234620
19235655
19238073
19242232
19248106
19248117
19249062
19250019
19253237
19256563
19261529
19262860
19263381
19263978
19266679
19270008
19272244
19273104
19283269
19286480
19287786
19289159
19289282
19290101
19290107
19293610
19296803
19296808
19298538
19299909
19306650
19309001
19310109
19311676
19312294
19313715
19313770
19314650
19317210
19317330
19319043
19326790
19328022
19329393
19330043
19337315
19339713
19341804
19341833
19349048
19349216
19351990
19359330
19362299
19362341
19367815
19374983
19380829
19383317
19384957
19393196
19394186
19394188
19395651
19397785
19404587
19405407
19406070
19408646
19411178
19411368
19411683
19415802
19418459
19418909
19421477
19424599
19426551
19428338
19444217
19445776
19447108
19448989
19450392
19452543
19460725
19460840
19460869
19462657
19469852
19472585
19473742
19476095
19477475
19478160
19479250
19480816
19480930
19485464
19486963
19487056
19491071
19493072
19498738
19503553
19505248
19507015
19511386
19513455
19514973
19516074
19519252
19521016
19523609
19524050
19524590
19528066
19530101
19536163
19537303
19538986
19539314
19542638
19544904
19549830
19554706
19555067
19560364
19562228
19562864
19564719
19568340
19568473
19569168
19569936
19571299
19572710
19575665
19575977
19576893
19582385
19583545
19586694
19588653
19593530
19595532
19596429
19603104
19604744
19609871
19622513
19622811
19624861
19626711
19628391
19630951
19632867
19636959
19637934
19650912
19658826
19658936
19661294
19663812
19664316
19666371
19666699
19668592
19671129
19671858
19671932
19673697
19673805
19676062
19680496
19681873
19683304
19688992
19689050
19690275
19694900
19697188
19697415
19697419
19702854
19705747
19709788
19711553
19713312
19715480
19719551
19720220
19720381
19722029
19728725
19733819
19734025
19734357
19735514
19737494
19738459
19739121
19739674
19740592
19742143
19745224
19748551
19748566
19748674
19748722
19755825
19757371
19758791
19759856
19760439
19762150
19768193
19777398
19781974
19784247
19784831
19786749
19789294
19791490
19793752
19794839
19794965
19797095
19797964
19798578
19799276
19800884
19801563
19804077
19805496
19807142
19811019
19817844
19818494
19824135
19828976
19829645
19832580
19833105
19833623
19835581
19835881
19841583
19846884
19849446
19850083
19852441
19864491
19871117
19877186
19877692
19882775
19884148
19893927
19902330
19907537
19911886
19915096
19915735
19920382
19923144
19923638
19929329
19930753
19931769
19932404
19933480
19937098
19937161
19940190
19945621
19946107
19946512
19949765
19954956
19955482
19956026
19957845
19965751
19966048
19970709
19971696
19980906
19982092
19983306
19986985
19989791
19990540
20007155
20009178
20010728
20012204
20014300
20017294
20019468
20019567
20029212
20032100
20040370
20041726
20043396
20044145
20054788
20061598
20061753
20064784
20065342
20065463
20065936
20066438
20067354
20067778
20070557
20071285
20072808
20075668
20079982
20084930
20086998
20089594
20094535
20100378
20105336
20106337
20106852
20106987
20108560
20109973
20121123
20121783
20124785
20131183
20132462
20136458
20137301
20138935
20155652
20158836
20161260
20161675
20164296
20164907
20166847
20170940
20171482
20172287
20172395
20177423
20177956
20178452
20178943
20186266
20187037
20188680
20188930
20196046
20196258
20200860
20204927
20221159
20225716
20225875
20227837
20231153
20232281
20235442
20238552
20244207
20245682
20245775
20248699
20254889
20255162
20259508
20259714
20261389
20262919
20271494
20279665
20282832
20284240
20286549
20291015
20291080
20295092
20297930
20299862
20300608
20318018
20322929
20327578
20331733
20333461
20334391
20335859
20338623
20340833
20342007
20343111
20343117
20343259
20345991
20346956
20348051
20355415
20356113
20359785
20362778
20370757
20372675
20380317
20385404
20399746
20407242
20414217
20416406
20421939
20422197
20423020
20423440
20424067
20432549
20432727
20435797
20441278
20447342
20449124
20449691
20460235
20463651
20466215
20467224
20476137
20478542
20479053
20479813
20479872
20480549
20481358
20482393
20485057
20485815
20486199
20492250
20506424
20508222
20508477
20509442
20511841
20512795
20513362
20515090
20518710
20525016
20530782
20533020
20536157
20539986
20542285
20544726
20545055
20545731
20546297
20546424
20552489
20554833
20557204
20557892
20562871
20563800
20566864
20570337
20570461
20571738
20573862
20574800
20575336
20576949
20577596
20579755
20579761
20580385
20586517
20592173
20593330
20595252
20595739
20596819
20600456
20602104
20602146
20603062
20606714
20608296
20608910
20610856
20611194
20613049
20614403
20615498
20615831
20620009
20620967
20622724
20623713
20627764
20632528
20632700
20632878
20634095
20638192
20639369
20639602
20641747
20641995
20643470
20643704
20645586
20647266
20651569
20653457
20655998
20657078
20659839
20660256
20661527
20661539
20680906
20689471
20690131
20693220
20698629
20701384
20702626
20706622
20709117
20710035
20713061
20715854
20720626
20723858
20727087
20727198
20727943
20728488
20730682
20731383
20732463
20745862
20749410
20751185
20753736
20755072
20755753
20757621
20762929
20776982
20778387
20781968
20784269
20786300
20788472
20788509
20789740
20789989
20790583
20796069
20796717
20799075
20806220
20806376
20813021
20818966
20819858
20821866
20823773
20824583
20824923
20826148
20832867
20833944
20837041
20840026
20848823
20851180
20851642
20858606
20859431
20859805
20860569
20863882
20864718
20865816
20867870
20869234
20869294
20876317
20876957
20883595
20884633
20890188
20891005
20894147
20908109
20920347
20927111
20937452
20938601
20943493
20948569
20951882
20956390
20958510
20959144
20961788
20962569
20974144
20977313
20977778
20978103
20982844
20984506
20998647
21002173
21002407
21008297
21010214
21013461
21021295
21029619
21031049
21035409
21039591
21044752
21045216
21046818
21048995
21049114
21056862
21057785
21062439
21073067
21080122
21093392
21101923
21105244
21109533
21111883
21114240
21122387
21124919
21128521
21131816
21131960
21138026
21142500
21148293
21153501
21156271
21157181
21157704
21158774
21161160
21163132
21167586
21168147
21170010
21170191
21170825
21172897
21174852
21179543
21181713
21181885
21183548
21184930
21185126
21191567
21195232
21207688
21210749
21211181
21212823
21217034
21218704
21218806
21232507
21244244
21247989
21250868
21251519
21254264
21255118
21255978
21257006
21258337
21261144
21266648
21271641
21271656
21273999
21276351
21277055
21277815
21278412
21279407
21280216
21281890
21288052
21295636
21300626
21305757
21318259
21319061
21319573
21319580
21323075
21323607
21323673
21324258
21325066
21326965
21331977
21332066
21332196
21337404
21343909
21349535
21353623
21354676
21355723
21356261
21358896
21360280
21362105
21364697
21366308
21367314
21367818
21380829
21381831
21383922
21389149
21395154
21400605
21407290
21409208
21409342
21409632
21409847
21414413
21415532
21422513
21423803
21425016
21430495
21430512
21440740
21441407
21445683
21445767
21447363
21450989
21454987
21455681
21466395
21466461
21469205
21471424
21479179
21487317
21488204
21490165
21495069
21499292
21500044
21501255
21505705
21505736
21506437
21507883
21508309
21508653
21515530
21522338
21522437
21534339
21537374
21541548
21543730
21544069
21556071
21561302
21561726
21562512
21567011
21577678
21586418
21592216
21600059
21611257
21616285
21619519
21621769
21623267
21623452
21625488
21631487
21632807
21634082
21652654
21658412
21661279
21668321
21674080
21681809
21682094
21693930
21702363
21705616
21705931
21709044
21712038
21714443
21715659
21722367
21723444
21729493
21733220
21733814
21735070
21736460
21740090
21741959
21743635
21750314
21759308
21761627
21768773
21771022
21774892
21777919
21778272
21782156
21786322
21787270
21787960
21791704
21799998
21801238
21803852
21814285
21815129
21816984
21828238
21836409
21838634
21850829
21854069
21857452
21857603
21871548
21879024
21880873
21883088
21885957
21886148
21890359
21902838
21904217
21905936
21908018
21908338
21908995
21920965
21922352
21929818
21955058
21959255
21959456
21969048
21969892
21971827
21975571
21980131
21982720
21983007
21985666
21986713
21993071
22000809
22011465
22012077
22013577
22017175
22027186
22027888
22029942
22033091
22037660
22039276
22047070
22048072
22051859
22057613
22060294
22063870
22068704
22072638
22083910
22085184
22092014
22096652
22097952
22100978
22101478
22109593
22114874
22121216
22124180
22124475
22127100
22127864
22143745
22147850
22151193
22158221
22159122
22164556
22165970
22168877
22171007
22179997
22190585
22193646
22193651
22196210
22199097
22199141
22208477
22211318
22216725
22226925
22232157
22233065
22234257
22262593
22269057
22271510
22276232
22287769
22293913
22295736
22297348
22306575
22307828
22307857
22310732
22320889
22321253
22321602
22322056
22330507
22330787
22332381
22333048
22333810
22336717
22341950
22360594
22365249
22369363
22371962
22395175
22396495
22399770
22400483
22412151
22412709
22423078
22430384
22432303
22435983
22437239
22440364
22443814
22443902
22457353
22457873
22461427
22462180
22477940
22487328
22495896
22498452
22502646
22516489
22518487
22520148
22526992
22540123
22543888
22548403
22551081
22561128
22562425
22563769
22565066
22571645
22573714
22575307
22575838
22577042
22578391
22584185
22591831
22592595
22596730
22598072
22598803
22601929
22611023
22632120
22641532
22642897
22644063
22649335
22650211
22654261
22654980
22655414
22655610
22656257
22657153
22657202
22663454
22664506
22666851
22668242
22676390
22676703
22677790
22679419
22685200
22692723
22705027
22715672
22720074
22733268
22733444
22747185
22747276
22772427
22797240
22799750
22811432
22819823
22820251
22820327
22822407
22831208
22831662
22832029
22833618
22859511
22879297
22885574
22892022
22900332
22904192
22922515
22922759
22929001
22929621
22938914
22940219
22944374
22951944
22955283
22957302
22958682
22975565
22977414
22978174
22987468
22987610
22994360
23002923
23006794
23008116
23011382
23011519
23016195
23016395
23018333
23019705
23021140
23023236
23028288
23028868
23034654
23061619
23068386
23074282
23080130
23082668
23082839
23084497
23089953
23093323
23101147
23101838
23112293
23116802
23122597
23123427
23125933
23133853
23135932
23136101
23140259
23146393
23147419
23148645
23151437
23156760
23166140
23166662
23171093
23172966
23176276
23184570
23193129
23194380
23221134
23223266
23224410
23226230
23227659
23228600
23235056
23236478
23242126
23245206
23245220
23250101
23250217
23264968
23274910
23280648
23289159
23289316
23290520
23300429
23302784
23336661
23342490
23344327
23349269
23355089
23359416
23360024
23363000
23368092
23375688
23383517
23391280
23395456
23396761
23409315
23414403
23416695
23421973
23426138
23433636
23443240
23458520
23460700
23464695
23482952
23492901
23497231
23498086
23502286
23502302
23502877
23504870
23505298
23506161
23508921
23511303
23514666
23519852
23532872
23537698
23544268
23544596
23545799
23548317
23549848
23554196
23559108
23559586
23560015
23563916
23568909
23574950
23578922
23579041
23579355
23586098
23593226
23601330
23603092
23605048
23613479
23617610
23619919
23620920
23621760
23627469
23631859
23636577
23645182
23645923
23648057
23653153
23654341
23668206
23674473
23680913
23685059
23685361
23690189
23690344
23699904
23702397
23703690
23707913
23709396
23711425
23719300
23720063
23726874
23730457
23741531
23746241
23748448
23748699
23750124
23762559
23772472
23774237
23775037
23778898
23783972
23785337
23793665
23795109
23804345
23807762
23808856
23813594
23818590
23821484
23831682
23832022
23852689
23855299
23857276
23857315
23859156
23862822
23865496
23866990
23870788
23872098
23885448
23890660
23892772
23898154
23911410
23912766
23918315
23922282
23932610
23932737
23939797
23943320
23943985
23947265
23950893
23954327
23960048
23967578
23971640
23976386
23993598
24019308
24019670
24024778
24025298
24027730
24027953
24044141
24046630
24047612
24065844
24083587
24086418
24089650
24090614
24112419
24114909
24122752
24133242
24139243
24144216
24144274
24173293
24175183
24190981
24206535
24208687
24208754
24224485
24231660
24247270
24248212
24255792
24263801
24278168
24278900
24281654
24285686
24286351
24291858
24296476
24300583
24325547
24325657
24325840
24326400
24327993
24331426
24332709
24336577
24340604
24341373
24342034
24347779
24349486
24357228
24372147
24398480
24407244
24413299
24415842
24437339
24440532
24446175
24447643
24458677
24463516
24469441
24472788
24476639
24490384
24490678
24493831
24496399
24502450
24505368
24523660
24529777
24530247
24531377
24531730
24533117
24545388
24562770
24565047
24566398
24576393
24579796
24599923
24600082
24602560
24605145
24606439
24608680
24618104
24618646
24621955
24624309
24627141
24634782
24652882
24652991
24655802
24659388
24661425
24668720
24673002
24689055
24700916
24704470
24705126
24716460
24716740
24719760
24721390
24722470
24722914
24725078
24733117
24737621
24740413
24741685
24742957
24753990
24762237
24766812
24774508
24775205
24775528
24776235
24778959
24787260
24788034
24788620
24790283
24792015
24793810
24794916
24795163
24795355
24797080
24802712
24803381
24805644
24805690
24807616
24822280
24823295
24825275
24826106
24830645
24835681
24837034
24862187
24866572
24867082
24867306
24867402
24879060
24886570
24898059
24898568
24902468
24906723
24907792
24912000
24914957
24929621
24939978
24942859
24963961
24964967
24964981
24966399
24966423
24967668
24975234
24975457
24977474
24980246
24989174
24989697
24993400
24996837
24996939
25025360
25025831
25027806
25038085
25045629
25057241
25074735
25087215
25087685
25087909
25095050
25095966
25100180
25101190
25110374
25118088
25123901
25131789
25143680
25158003
25159559
25166595
25202284
25216378
25280477
25284252
25286000
25298289
25302987
25319414
25321585
25321854
25355724
25359130
25364612
25365536
25374357
25379483
25387732
25388566
25393674
25395727
25397766
25398075
25403689
25403946
25407781
25412269
25412522
25415670
25416008
25421094
25423829
25426708
25429315
25434201
25437250
25458378
25464634
25467719
25468610
25481322
25489250
25491038
25493143
25519102
25521487
25521661
25526677
25537064
25544152
25558954
25563956
25577757
25578655
25587721
25589776
25593239
25595508
25597937
25599803
25599869
25605255
25615193
25629334
25638291
25639323
25641906
25657401
25681991
25694878
25717463
25718691
25720590
25726282
25726285
25726723
25737016
25741852
25750743
25752595
25759778
25763891
25764020
25767670
25768076
25778539
25787030
25790802
25798234
25828700
25838797
25839166
25844958
25856905
25860353
25889980
25898134
25899488
25899872
25904703
25913173
25938144
25940364
25943365
25951655
25958581
25965585
25966715
25970331
26003792
26009909
26020351
26020880
26027481
26032912
26046257
26046752
26057047
26057604
26072066
26079919
26081289
26081860
26089466
26097408
26098896
26104644
26107245
26108657
26110104
26114352
26128478
26135315
26138537
26149716
26150361
26157901
26159255
26175505
26188962
26189643
26191008
26194528
26241817
26256118
26257166
26257441
26281077
26294247
26322120
26346820
26347170
26360531
26388811
26407935
26420934
26452864
26459297
26463450
26465699
26493362
26509964
26510157
26516984
26525581
26527734
26530722
26541144
26551204
26551996
26553086
26562246
26565335
26565946
26568085
26572618
26585095
26587430
26588937
26589987
26594181
26604904
26606497
26608673
26642006
26643090
26647413
26655383
26658046
26660809
26681326
26683141
26686524
26692582
26719030
26727655
26732027
26757860
26784273
26786998
26787574
26798304
26799554
26802858
26806107
26823392
26833888
26834867
26848371
26861998
26878188
26884372
26885308
26889413
26892126
26892157
26893612
26895879
26896921
26905513
26906002
26931065
26934903
26936908
26954974
26961480
26963391
26972770
26983241
26997263
27009528
27029537
27038804
27042513
27059567
27060914
27068895
27076106
27076855
27077138
27078906
27085563
27091468
27096593
27104736
27109019
27111862
27115071
27131092
27149627
27153075
27162315
27181836
27189793
27195114
27202670
27209583
27231874
27235800
27250894
27260086
27260759
27270787
27271615
27272101
27276055
27279694
27288574
27316339
27336391
27348157
27354009
27370720
27377195
27384388
27395956
27406401
27454583
27457788
27500565
27503114
27524640
27538688
27547342
27551115
27555129
27558050
27558458
27562951
27576113
27576832
27592116
27596414
27599956
27611107
27614476
27623217
27639530
27664264
27665615
27673684
27678749
27681644
27685955
27688800
27696443
27700636
27703202
27709113
27710376
27711339
27712418
27717362
27728092
27728654
27732592
27740155
27743483
27750488
27751211
27760317
27760633
27778893
27790493
27800031
27817316
27818057
27826919
27827658
27833979
27845072
27856595
27881452
27890001
27890567
27898817
27900594
27927868
27930140
27930227
27938907
27942067
27961004
27964284
27966138
27970832
27971300
27976399
27981280
27982959
27984548
27988939
27989078
27996743
28006093
28019997
28028772
28036872
28041769
28045776
28049003
28049462
28052375
28054681
28056930
28060714
28070290
28074688
28087666
28109359
28119357
28122937
28123862
28127726
28131666
28153561
28156155
28165335
28169894
28179681
28180183
28181781
28194336
28202403
28212345
28221616
28230989
28233921
28234841
28251546
28259071
28285770
28295751
28296580
28298272
28302705
28322790
28331519
28331781
28337011
28342530
28370738
28380724
28384755
28386644
28391487
28414285
28417656
28420827
28427501
28445357
28452164
28453895
28456384
28460137
28464139
28465464
28470558
28471026
28474662
28479364
28506495
28521141
28534252
28543744
28562317
28600173
28606058
28609908
28611918
28619103
28669612
28674202
28683184
28703026
28703815
28706024
28716663
28719754
28723984
28726058
28729425
28733413
28744551
28748365
28752306
28753137
28753568
28756575
28759473
28771170
28785486
28790071
28803148
28826602
28830707
28838048
28845997
28853804
28866082
28870086
28887624
28888332
28892127
28895421
28896913
28897926
28904171
28913128
28915404
28923735
28924237
28949543
28952114
28968569
28971190
28973095
28980224
29000401
29005137
29039908
29043381
29056344
29080003
29081165
29109420
29116176
29141246
29200238
29246914
29247517
29253978
29256730
29279416
29281193
29285507
29300352
29300489
29307276
29327290
29330577
29341990
29342834
29344169
29368849
29389171
29413354
29419113
29458651
29474564
29492064
29496256
29516976
29523400
29530278
29546945
29547032
29547045
29555251
29576445
29583289
29584530
29588859
29611918
29614957
29616532
29620657
29635024
29652901
29657072
29658853
29663668
29680809
29682643
29684583
29713877
29724393
29739593
29756339
29756371
29758446
29777185
29782635
29787758
29790132
29791357
29794639
29797128
29800671
29805252
29812469
29827131
29840295
29842036
29848947
29856819
29860364
29863027
29863056
29879795
29882480
29946384
29952857
29954678
29956870
29991918
30018068
30022428
30023371
30023394
30023434
30023870
30040682
30060315
30080029
30081245
30089194
30110679
30134558
30144331
30144913
30152403
30180940
30183007
30202451
30210124
30230172
30271564
30272272
30279060
30279352
30293658
30309979
30313925
30313973
30334489
30341213
30344445
30346151
30347257
30348720
30354164
30360908
30364057
30365839
30367771
30395398
30406287
30411176
30435117
30446808
30452777
30458148
30460587
30462362
30468842
30472527
30492325
30494893
30503160
30529390
30537512
30544925
30568821
30569236
30574546
30595340
30596986
30614676
30616561
30619087
30621351
30659707
30669508
30686630
30696928
30704824
30724493
30735921
30742051
30746532
30761135
30761844
30782495
30801601
30823468
30843520
30848651
30852240
30856958
30867009
30903701
30913844
30924162
30929500
30929795
30948732
30966948
30969349
30991884
31001575
31002036
31010695
31018975
31023900
31045795
31048009
31063050
31065775
31083235
31088375
31102200
31105493
31116642
31123109
31126587
31133860
31136860
31142487
31152881
31166895
31170216
31174031
31201557
31212366
31213362
31218498
31231597
31239408
31254112
31282434
31290547
31293110
31309695
31311757
31331740
31339218
31343100
31345485
31349783
31353077
31360279
31376259
31380308
31392489
31451713
31461475
31481983
31482817
31488398
31490485
31490719
31508120
31513853
31532139
31538991
31545838
31547190
31550783
31551047
31567254
31606867
31619861
31630356
31641658
31652181
31667568
31676365
31701420
31716155
31744649
31748931
31795557
31803702
31806999
31867264
31892440
31902575
31946025
31986700
32004130
32037985
32038482
32066754
32135704
32146075
32155203
32156068
32169505
32185252
32220512
32225642
32248066
32298723
32303152
32306269
32309662
32320788
32323535
32332774
32370832
32378883
32385762
32416252
32431483
32463475
32482524
32553959
32569470
32586637
32588911
32612400
32675149
32693541
32709170
32746306
32761187
32765534
32813641
32828540
32836877
32845977
32868539
32886189
32889986
32890587
32929290
32939851
32942408
32943325
32951837
32957929
32959253
32988140
32993577
33018114
33044533
33066917
33131538
33153203
33154448
33171729
33217995
33266112
33305233
33309829
33329113
33342154
33347609
33390855
33417701
33419636
33420178
33422422
33426924
33433455
33440456
33441825
33442561
33444126
33447275
33458339
33464337
33493180
33498540
33514869
33520946
33532454
33549858
33554178
33562752
33584794
33595050
33645132
33679091
33705457
33705778
33710743
33714085
33714619
33715148
33737466
33746441
33781743
33821283
33823446
33866996
33871739
33884550
33906130
33906813
33913692
33918760
33946436
33948802
33950666
33976240
33995409
34021259
34022238
34033927
34050356
34051971
34059556
34061224
34091029
34097876
34100166
34104616
34171224
34172049
34175976
34192959
34193035
34203977
34233756
34239820
34242597
34303468
34306548
34310479
34312352
34316788
34356853
34361811
34394666
34417302
34422737
34428380
34430522
34450688
34461692
34468069
34513794
34550621
34552289
34559769
34572831
34600649
34630995
34642568
34645116
34649429
34691067
34701524
34704257
34716038
34718794
34735782
34738598
34739186
34743307
34747631
34755402
34762709
34767150
34785971
34786045
34793170
34793510
34795699
34805698
34816986
34831094
34858173
34862549
34863185
34882248
34882518
34900333
34906849
34961743
34971500
34982649
34996429
35007432
35010195
35015510
35015947
35026109
35026523
35089520
35091859
35094637
35114020
35114229
35119785
35123002
35127843
35180455
35186309
35196068
35248394
35279292
35280961
35313588
35331283
35338217
35340735
35361293
35411126
35412498
35453752
35465210
35524263
35531539
35534034
35537327
35541249
35580483
35584168
35585582
35597133
35610654
35636841
35667782
35672351
35693211
35694636
35716325
35757323
35765232
35767394
35773411
35787166
35788458
35792776
35815730
35817970
35819124
35936474
35976041
35985931
36021255
36025832
36042554
36052087
36071467
36072264
36082429
36094020
36094311
36098990
36121510
36136575
36137344
36139166
36152770
36167857
36178502
36184921
36190762
36223453
36226646
36226650
36231926
36266123
36286523
36315549
36319486
36322911
36326870
36328189
36338773
36360507
36364029
36396848
36409958
36412963
36429867
36435214
36437565
36497874
36528126
36531110
36536349
36557933
36569859
36584226
36591153
36672179
36677660
36679967
36686415
36690579
36694750
36700176
36707624
36732058
36764637
36776624
36803492
36804623
36827920
36857470
36858537
36880083
36890126
36923805
36930327
36937442
36945981
36959999
36975453
36990012
37008705
37009925
37033505
37039456
37082796
37098879
37112942
37118820
37123084
37126329
37142945
37154037
37175872
37196290
37213910
37222935
37232824
37249808
37311403
37316678
37322666
37323099
37338814
37344334
37361861
37367041
37381909
37385239
37386267
37415982
37424291
37424500
37435901
37441292
37476308
37494427
37523148
37534319
37536611
37561217
37574043
37588021
37591232
37635128
37649016
37660058
37677228
37684086
37705913
37722120
37722411
37765514
37774152
37783530
37787584
37791708
37809579
37825953
37839282
37849583
37868827
37890057
37893760
37915778
37928657
37929777
37930796
37955193
37964089
37983370
37995476
38001380
38013457
38032856
38045603
38049073
38055598
38055617
38065911
38086090
38094826
38106562
38108608
38123497
38138279
38146727
38146999
38180212
38187534
38192297
38221637
38222521
38226416
38235434
38249003
38254648
38259087
38281921
38303222
38394044
38429396
38442318
38444685
38476490
38495835
38509085
38531995
38532460
38540936
38541412
38562598
38576678
38580813
38595451
38611183
38682817
38706637
38790134
38792948
38796043
38824843
38828500
38832648
38833770
38834281
38835427
38907408
38918678
38929845
38958551
38974889
38980386
39001920
39041435
39054167
39064763
39067152
39077195
39078373
39104909
39106107
39178996
39189100
39201661
39210978
39217706
39229168
39288259
39297810
39312068
39313171
39323939
39325978
39327021
39327028
39354810
39375551
39443255
39443334
39461160
39474805
39543324
39562417
39563680
39592440
39603135
39615488
39623738
39634561
39666726
39682402
39687985
39689218
39693204
39697114
39713860
39730630
39755950
39757887
39803395
39830571
39832686
39871001
39878861
39885795
39893781
39895739
39895930
39971964
40037996
40088366
40098908
40101400
40102504
40155696
40158755
40159637
40162537
40168339
40169092
40193836
40197584
40257072
40267325
40290508
40300240
40307422
40315069
40316879
40418464
40423822
40471742
40511175
40518176
40519997
40521062
40581163
40593319
40618952
40660004
40708347
40710221
40713101
40768837
40790000
40814781
40835217
40847944
40847950
40851965
40908929
40910980
40971936
40972132
40981798
41001909
41036546
41045227
41081397
41103441
41106620
41118603
41126316
41127705
41130608
41151861
41156259
41176869
41218028
41229669
41259253
41265813
41269513
41304837
41329637
41339860
41373466
41384170
41415710
41441059
41468382
41471997
41509142
41521761
41528542
41560667
41624358
41627091
41639280
41639483
41655800
41705522
41715854
41723975
41767311
41773347
41774836
41866995
41871999
41882784
41901534
41906537
41980673
42007259
42052422
42113866
42154774
42243554
42279025
42343110
42379486
42426751
42456668
42490740
42562446
42577199
42587880
42727222
42737007
42797034
42816371
42984407
43003845
43018238
43023158
43041891
43052280
43063182
43139414
43162415
43170475
43174323
43192807
43199322
43208247
43214455
43265493
43266028
43269420
43283406
43298203
43302753
43309026
43394391
43413803
43416057
43434645
43448728
43469093
43482919
43526613
43569712
43611250
43613293
43658360
43688670
43720981
43754606
43758652
43761917
43815496
43900390
44039298
44085883
44088537
44101412
44143480
44166618
44233365
44248257
44286640
44308276
44340677
44365724
44372571
44409004
44495913
44508927
44523028
44527648
44570946
44762111
44788974
44790483
44791521
44793524
44874400
44956828
44967606
45025863
45030685
45075882
45077167
45217558
45279311
45363692
45444025
45463049
45521317
45609049
45642688
45683752
45683887
45708227
45713517
45843239
45843783
45932411
45953687
45954893
46080827
46088898
46220856
46233559
46277588
46390648
46415517
46427433
46466740
46475424
46547399
46576295
46769281
46778529
46853131
46955217
46957344
47005158
47081260
47186755
47263956
47363197
47437710
47650483
47652342
47688615
48399528
48440176
48459607
48528914
49081543
49108903
49540955
49567785
49573859
49964411
50374439
50384276
50566267
50654818
50684862
50701654
50725573
50750339
50790596
50794213
50821343
50940456
51203806
51346362
51492686
51509917
51658431
52087269
52180583
52207856
52228080
52725585
53150592
53153263
53297035
53550176
53853197
54125479
54384394
54387680
54951973
55090683
55384965
55451083
56019172
56405314
58189853
58267225
58845538
61115944
